739-742:10,11,12,13
1808-1814:18
2179-2182:10,11,12,13
3619-3622:10,11,12,13
4561-4578:1,6,7,9,10,11,12,13,14,15,19,20,21,22,23,24,25,26,28,31,35,36,37,38
4564-4567:1,6,7,9,10,11,12,13,14,15,19,20,21,22,23,24,25,26,28,31,35,36,37,38
5059-5062:10,11,12,13
5449-5453:12,13,15,16,17
6499-6502:10,11,12,13
7939-7942:10,11,12,13
8407-8414:12,13,15,16,17
9737-9740:15,16,17
10819-10822:10,11,12,13
12259-12262:10,11,12,13
13699-13702:10,11,12,13
13827-13830:17
14476-14486:14
15139-15142:10,11,12,13
16199-16212:10,11,12,13
16579-16582:1,2,3,4,19,21,22,25,28,31
18019-18022:10,11,12,13
19081-19088:10,11,12,13
19349-19830:1,2,3
19459-19462:1,2,3,4,10,11,12,19,20,21,22,23,25,28,31,35,36,37,38
20897-20903:10,11,12,13
21878-21893:18
22339-22342:10,11,12,13
23159-23180:1,2,3,4,19,21,22,28,31
