246-252:1,2,3,4,6,9,10,11,12,13,15
653-658:1,2,3,4,6,9,10,11,12,13,15,19,20,21,22,26,28,30,31,32
2092-2100:1,2,3,4,6,9,10,11,12,13,15,19,20,21,22,26,28,30,31,32
2884-2888:6
3534-3539:1,2,3,4,6,9,10,11,12,13,15,19,20,21,22
4647-5045:5,6,9,10,11,13,17,33,34
5167-5172:9,10,11,13,18
5708-5713:9,10,11,13
5873-5885:2,3,6,9,10,11,13,19,20,21,22,28,31,32
6022-6027:33,34
6412-6419:1,2,3,6,9,10,11,13,15,19,20,21,22,28,30,31,32,35,36
7851-7856:1,2,9,10,11,13,19,20,21,22,23,28,30,31,32
9291-9298:1,2,3,9,10,11,13,19,20,21,22,23,28,30,31,32
10731-10736:1,2,3,9,10,11,13,19,20,21,22,23,28,30,31,32
11467-11471:1,2,3,6,9,10,11,13,19,20,21,22,23,28,30,31,32
12171-12176:1,2,3,6,9,10,11,13,19,20,21,22,23,28,30,31,32
13069-13073:33,34
13277-13280:17
13613-13619:1,2,9,10,11,12,13,30
14603-14607:9,10,11,13,19,20,21,22,32,37
15052-15055:9,10,11,13
15397-15401:9,12,13
15802-15805:9,10,11,13
16491-16499:1,2,3,9,10,11,13,15
16718-16721:9,10,11,13
16972-16976:9,12,13,15
17931-17939:1,2,3,6,9,10,11,12,13,15,19,20,21,22,23,28,30,31,32
18600-21761:1,2,3,4,6,9,10,11,12,13,14,15,16,23,25,28,30,31,32,35,36
22252-22260:9,13,15
22417-22420:11,13
