2585-2588:10,13
4978-4983:13,14
5100-5391:1,9,12,13,14,15
6023-6026:33,34
6417-6420:9,13,14,15
7255-7258:10,13
7857-7860:13,14
9297-9300:13,14
10737-10740:9,13,14,15
12094-12120:1,2,3,4,24,26
12176-12183:9,13,14
13616-13619:9,13,14,15
15056-15059:9,13,14,15
16524-16549:1,9,13,14,15
17960-18331:1,9,12,13,14,15
18592-18701:1,11,16,19,20,21,22,23,28,31
18880-18951:1,2,3,4,6,7,11,16,19,20,21,22,23,25,26,28,29,31,32,34,35,36
19405-19413:9,13,14,15
20846-20854:9,13,14,15
22283-22294:9,13,14,15
23120-23141:1,23,25
